[waypoints]
104,1442,128,100,1
324,1610,128,100,1
578,1612,128,100,1
868,1884,128,100,1
1132,1894,128,100,1
1378,1706,128,100,1
1760,1698,128,100,1
1882,1570,128,100,1
1888,1330,128,100,1
1764,1248,128,100,1
1420,1246,128,100,1
1326,1190,128,100,1
1022,1182,128,100,1
932,1118,128,100,1
500,1122,128,100,1
500,944,128,100,1
710,926,128,100,1
914,732,128,100,1
924,266,128,100,1
768,90,128,100,1
198,96,128,100,1
86,276,128,100,1
84,582,128,100,1
90,962,128,100,1
[billboards]
0,144,1350
0,120,1350
0,40,1352
0,70,1352
0,328,1570
0,360,1570
0,392,1570
0,424,1568
0,454,1566
0,486,1566
0,516,1568
0,548,1568
0,580,1568
0,298,1570