[waypoints]
110,1398,128,50,1
334,1582,128,100,1
572,1534,128,100,1
850,1896,128,100,1
1130,1904,128,100,1
1428,1662,128,100,1
1760,1700,128,75,1
1882,1570,128,100,1
1888,1330,128,75,1
1764,1248,128,100,1
1420,1246,128,100,1
1326,1190,128,100,1
1022,1182,128,100,1
932,1118,128,100,1
500,1122,128,100,1
500,944,128,100,1
710,926,128,100,1
914,732,128,100,1
924,266,128,100,1
768,90,128,75,1
198,96,128,75,1
86,276,128,100,1
82,582,128,100,1
90,962,128,100,1
[billboards]
0,178,1198
0,58,1460
0,1406,1604
0,962,70
0,10,312
0,572,1022
0,1970,1380
1,326,1478
1,994,1978
1,1760,1348
1,1028,1102
1,834,706
1,802,228
1,182,682
1,1890,1694
1,780,1620